0.206982
-0.2904402
-0.0009685159
0.3702509
0.376874
0.4781322
0.3436943
0.3502116
0.3811383
0.4443396
-0.3638473
0.2578242
-0.01223654
-0.3785317
-0.4748067
-0.3296119
-0.04186183
0.4451523
-0.411173
-0.2823666
0.3622195
-0.3443085
-0.2758771
0.1750758
-0.2927126
-0.3588706
0.4050815
0.02912682
-0.3181831
-0.01230651
0.09482878
-0.1057023
0.1228203
-0.1993613
-0.2784323
-0.2772349
0.1069649
-0.3201629
0.3913846
-0.2571201
0.2835164
-0.3019654
0.1477896
-0.4736577
-0.1704853
0.005162418
0.2301398
0.06424099
-0.08184069
0.3277998
-0.006660402
0.1912181
0.3516295
-0.1790865
-0.1623489
0.4014341
0.2109455
-0.2758422
-0.4393561
-0.3096339
-0.1595119
-0.292546
-0.416742
0.3931727
-0.4168317
-0.1793247
-0.04305428
0.02761871
0.1174386
0.2494074
-0.1733447
0.1900786
0.2813989
-0.3993222
-0.278993
0.1759219
0.4089321
-0.3349396
0.3834423
0.1536423
-0.006446302
0.4265995
0.3544694
0.2548462
0.3810596
-0.3940398
0.1745323
0.3137739
0.1196316
-0.3277975
-0.01055771
-0.4462959
-0.4024003
-0.3366097
0.02016753
-0.0303604
0.1809176
-0.4548861
-0.469386
0.04719609
-0.3995309
0.4567165
-0.1053355
-0.3965212
0.03811234
0.02836233
0.1742037
0.4433688
-0.4608895
-0.3094286
0.15169
0.4353582
0.3885388
0.4827218
0.3493971
-0.03373414
0.04819411
0.4280154
0.09387761
0.08736986
-0.2355943
0.3680065
-0.03438693
0.1210361
0.03158683
-0.3703116
-0.3530655
-0.1057997
-0.4984155
-0.04383522
0.217078
0.2426534
0.279297
0.1512046
0.2474578
0.2268194
0.2244214
-0.1703086
-0.3030416
-0.0243271
0.457013
0.2102173
0.3519641
0.1485312
-0.2011274
0.2461558
-0.4544162
0.4067436
-0.016877
-0.05646092
0.1735725
0.138111
-0.4714217
-0.1335338
0.1191501
-0.06846017
0.4604588
0.09012538
0.2300668
0.1409037
-0.3400961
0.489908
-0.1127648
-0.4370483
-0.3864576
0.08656996
-0.3650767
0.3576534
-0.01197237
0.4085891
0.1788477
0.4630182
-0.4945905
-0.2750659
0.3399791
-0.2271207
-0.2745394
-0.379284
-0.2085128
0.1311532
0.3472533
0.06195897
-0.3558218
-0.3583086
0.3707074
-0.05024916
0.0994212
-0.3585268
0.138288
-0.4887676
-0.403093
0.2611616
-0.2354347
0.1146399
0.3787203
-0.02746505
-0.05961829
0.06974179
0.1446997
-0.4138485
-0.1569769
-0.02121001
-0.4874787
-0.05347925
-0.09162694
-0.1869014
-0.05289727
-0.1237658
-0.1844334
-0.3109636
-0.03792483
0.02706033
-0.4851073
0.03542477
0.1061108
0.3337374
-0.1948647
0.1053976
-0.3686141
-0.3312955
0.4276729
0.2238613
-0.3009443
0.3267356
0.4785153
0.1025237
-0.1917835
0.211099
0.4201095
-0.05040115
-0.404017
-0.3166403
0.2801108
-0.3656359
0.2291862
-0.1027086
-0.157132
-0.02641279
-0.08632511
0.3224372
-0.493171
-0.05001944
0.2437203
-0.469847
0.3964845
-0.0577994
-0.006209791
0.33961
-0.1767868
-0.3201243
-0.1405947
-0.1177861
0.4299833
0.2771298
-0.3540486
0.1959671
0.1421251
0.1766394
0.04764515
-0.4417319
-0.444014
0.374221
0.09417433
0.4213172
0.3434523
0.2660993
-0.1909176
-0.4794897
0.1913465
0.2240586
-0.1600623
0.3560309
0.1804111
0.07814962
-0.01548678
0.4037083
0.3472698
-0.3448581
0.2299557
0.01114386
-0.07198232
-0.06746155
0.4804214
0.1361874
-0.3313549
-0.1072634
0.4389874
0.4787117
0.3021556
-0.4378167
-0.3180594
-0.005947649
-0.06400317
0.3313215
-0.1418826
0.01543123
0.4457963
-0.06526798
0.3603995
0.4606062
0.1892074
0.4094572
-0.1781494
0.4620101
-0.1370553
0.4026161
0.482342
-0.04006487
-0.386788
-0.4240178
0.3243423
0.01709002
0.1404954
0.3383224
-0.1809224
0.168961
-0.4116682
0.3174688
-0.3501581
0.4518142
-0.2788448
-0.3040535
-0.1022852
0.06018907
-0.06187922
0.02371472
0.2541232
0.1949028
0.4358985
0.1711551
0.3428729
0.2445407
0.0003282428
0.2088984
-0.1157483
0.008494318
0.2349124
-0.02010292
0.2793622
0.004064739
-0.1011166
-0.3906169
0.4194694
0.2445582
0.3004171
-0.3215486
0.01764399
0.09644181
-0.4889891
0.2380955
0.4000854
0.1001828
0.2112335
-0.3737843
-0.4794005
0.2184905
-0.2430409
0.2523398
0.1128305
0.148834
-0.284017
-0.02170008
-0.275205
0.1875812
-0.3426404
-0.4647218
-0.1579052
-0.09478432
0.09515411
0.3854133
0.08930248
0.02098852
-0.4833924
0.339349
0.3565854
0.3292375
-0.1710507
-0.44368
0.4952235
-0.4991727
-0.4494188
-0.3826544
-0.01673406
0.4918156
0.3740135
0.4653203
0.327197
0.4458534
0.1106495
0.4748831
0.1087447
-0.2904092
-0.2037457
-0.4707531
0.1606419
-0.4207211
0.3628021
-0.1495879
0.102936
-0.4043472
-0.0328216
-0.05793387
-0.2065454
-0.3866563
0.2506932
-0.2305127
0.4880563
0.3364114
0.3781201
-0.147284
0.4678982
-0.2362338
-0.05851001
-0.477748
-0.03624696
0.4734
-0.02056378
0.3862568
-0.4887377
0.1735471
-0.3635212
-0.4095829
0.05184919
-0.1153319
0.05929369
0.04954058
-0.1969667
0.3384192
-0.3532989
0.4152128
-0.09500462
-0.4149883
-0.01732236
0.2197901
0.4411762
0.1160343
-0.2073086
0.08376271
0.1271868
0.3296651
-0.3312212
-0.1653773
-0.4855442
0.0680241
-0.1741022
0.1145983
0.4230614
-0.3008432
-0.1290265
0.1016653
0.06690806
-0.3843181
0.3014574
0.3766463
-0.347845
0.01973349
0.2060593
-0.01548499
0.3298692
-0.1110618
0.1115415
0.3157179
0.2447954
0.09953052
-0.4188701
-0.283224
0.3761946
-0.1213462
0.05624086
0.4096584
-0.1508496
0.1648477
-0.2048793
0.03326136
0.1286272
0.114884
0.4992743
0.3766221
0.09747738
-0.4057602
-0.1020798
0.138254
0.1155742
0.3220589
0.4999887
0.007528841
0.1424945
0.2811041
-0.2967564
-0.3697847
0.03645509
-0.3956485
0.1197332
0.2932153
0.1624114
-0.2503825
-0.4868095
0.1687125
-0.340789
-0.3850634
-0.1846425
0.07170182
0.4250802
-0.2302905
-0.2693487
-0.006501615
0.244472
0.01097459
0.2775503
-0.4221114
0.2460841
-0.2652931
0.3782147
0.1349276
0.3941063
-0.3932151
0.07240969
-0.1281417
0.06328195
0.1366811
-0.1748196
0.3867966
0.4022193
0.1574278
0.1474695
-0.2821803
-0.4141417
0.3557119
0.2430137
0.1158881
-0.2812099
0.01519924
-0.004822433
-0.1637787
0.3203411
-0.4040667
-0.4588425
-0.3766532
0.1120421
0.1202773
-0.1271339
-0.3632398
-0.06227833
-0.04310781
0.3065587
0.1276921
0.3662024
0.03370661
0.08510369
0.1179559
-0.492334
-0.468454
0.2377841
0.1761291
-0.2293882
-0.231057
-0.1365346
0.04455525
-0.3208456
0.4064695
-0.4433013
-0.3800069
0.1220168
-0.3527462
0.4821508
0.1940777
-0.066338
0.05980521
-0.08009726
-0.05614942
0.2191514
0.1113757
0.1119892
-0.03148085
-0.1881079
-0.07767087
0.07725197
0.1062991
-0.003438532
-0.3178363
0.1192692
-0.3869994
-0.03332943
0.4596512
-0.4861561
0.3824288
-0.4781263
-0.3318251
-0.06652516
-0.3584418
-0.01009566
-0.1556758
0.1554552
0.4425149
-0.378949
0.3894956
-0.258058
0.00461942
0.2645339
-0.1497199
-0.4049337
-0.4944347
-0.202979
-0.4992557
0.4255556
0.4183961
0.1823165
-0.221023
-0.07709819
-0.04147977
0.2627947
0.02457374
0.2352992
-0.1728689
0.4696015
-0.4912863
0.4212906
-0.4176844
-0.4678829
-0.0340299
-0.4570001
-0.01342934
0.4639899
0.3281404
-0.07296675
0.0305236
0.311981
0.3790902
0.03103071
0.1446063
-0.3899533
0.007681549
-0.2730482
-0.2776402
0.08494765
0.05095583
-0.2859925
0.1906389
0.2382996
0.4230949
0.02457291
0.1483736
0.3779426
0.0570752
0.3847051
0.2637378
0.1526128
0.27398
-0.4082136
-0.06025833
-0.02121967
0.02033371
-0.4209191
-0.2842302
-0.04855055
-0.2536925
-0.2228239
0.3187968
0.3999577
-0.04676718
-0.4369684
-0.1842356
0.2091832
0.1575419
-0.1641718
-0.3607488
-0.2350611
-0.1961163
0.2898166
0.4115583
0.1370474
-0.1584857
0.3726496
-0.4214805
-0.3581976
-0.09416157
-0.1212432
0.4218429
-0.204605
0.04313022
-0.3917937
-0.1626436
-0.2365757
0.1882591
0.3454131
0.149695
-0.1475385
-0.4342546
-0.05134314
0.1478743
0.4063653
0.2378747
-0.2659481
-0.3094788
-0.260229
-0.2937372
0.3279831
-0.03470606
-0.1586121
0.3004475
0.3546447
0.196813
-0.3242964
-0.1935498
0.3940425
0.2994721
0.1718315
-0.4398017
-0.4681607
-0.2393612
-0.05803448
-0.4168717
-0.3216914
-0.3735442
-0.3783007
-0.1276981
0.4643917
-0.07746166
0.1232174
-0.4971112
0.2236854
-0.2280849
-0.4822468
-0.3421873
0.3675129
-0.4886904
0.1678181
0.4016529
-0.3666918
-0.3501738
0.1419669
-0.02652544
-0.1220362
0.169044
-0.4463209
-0.369195
-0.1325623
0.1303712
0.1811102
-0.3777441
-0.2280167
0.493421
-0.2823465
-0.2579101
-0.1542329
0.2539912
-0.4121307
0.3812183
0.0658533
-0.1537545
-0.4810261
-0.1325336
0.08039159
-0.3005286
-0.176087
0.438436
-0.0005468726
0.1563878
-0.04514593
0.2766464
-0.3088202
-0.09758192
-0.3903582
0.4411198
-0.3404512
-0.4941931
0.1329129
0.3150729
-0.04982561
0.4728059
-0.3162522
0.01899761
-0.08041912
0.04135329
-0.1756584
0.4715388
-0.4499695
0.235824
-0.1951689
-0.02023631
-0.4600501
-0.2316601
-0.2816843
-0.08779472
0.08207661
-0.4639611
0.100253
-0.370436
0.01287538
0.3254559
0.2005284
-0.2313825
-0.358885
0.3310474
0.2943044
0.1173063
-0.3053374
0.2354352
0.07187098
0.4437419
-0.1344263
-0.290238
-0.2480729
-0.04886979
0.2608232
0.008976758
0.1714721
-0.2694194
-0.4595124
0.3341967
0.2315101
0.3623785
-0.467254
-0.2261752
0.2110146
-0.01360863
0.272333
-0.06618577
-0.2583547
0.2815715
-0.06203955
0.3735505
0.4078513
-0.09503323
-0.4667994
0.4926754
-0.3499384
0.4720044
-0.02421671
0.1098123
0.2214651
0.1611131
0.04120427
-0.4775587
0.1884971
0.1278499
-0.3591491
-0.2815249
-0.2401188
-0.3107332
-0.3187283
-0.2226099
-0.07230121
-0.4773293
-0.0656808
-0.3082007
0.2138413
-0.1554779
0.3838526
-0.2280626
-0.1166474
-0.2613976
-0.4105163
-0.3111167
0.09458011
0.218178
0.430126
0.2381799
0.1986163
-0.3111275
-0.4002278
-0.0712021
-0.2014793
-0.435928
0.07787782
0.2379985
0.1030073
0.2704737
0.05196136
0.4096854
-0.2946672
-0.3728014
-0.3762938
0.2246309
-0.382041
-0.2865881
0.3510542
0.2093747
0.2912432
0.3331742
-0.4219044
-0.2631052
0.3587539
0.2657149
-0.1027674
-0.3786558
-0.05550319
0.4610862
-0.2806842
-0.2580992
0.470048
0.4423263
-0.4974874
-0.4893104
0.284457
0.2247007
0.07592946
-0.2641734
0.3932021
-0.3932019
-0.2782308
0.4862192
-0.4044657
-0.08081216
0.001610577
-0.1142291
-0.1106582
0.007426202
-0.3826416
0.4278179
0.4773498
0.004478395
0.1480236
-0.4872022
0.07249278
0.3472112
0.4940574
-0.2775629
-0.165286
0.1258452
-0.3710217
0.482039
-0.1394972
-0.1350111
0.3772994
-0.3432301
0.04379803
-0.4569855
0.1657168
-0.3478287
-0.4912115
0.1842153
-0.3481843
-0.2924466
-0.111896
0.4549452
-0.2052059
-0.4275
0.2619784
-0.3224291
0.4447875
-0.4923255
-0.2675214
-0.3781644
-0.0687651
0.177939
-0.133079
0.09242362
-0.1059626
-0.004575431
0.3682959
0.04498655
0.2101068
0.2575288
-0.01091319
0.3355134
-0.01716894
0.05019063
0.2948205
0.4021785
0.212249
0.4206949
-0.1872324
-0.4344538
-0.003313482
0.01063746
0.2313102
-0.02023071
0.3417964
-0.4081569
0.217668
-0.3828762
0.4890081
0.2184007
-0.3179038
-0.4053426
0.1355665
-0.04557019
0.1945002
-0.2814908
0.1157216
-0.06155843
0.03945428
-0.1659377
0.1528263
0.4496182
0.1922651
-0.1399499
0.07651204
-0.199913
0.3431792
0.4805509
-0.3632967
-0.4771802
0.283731
0.1267513
0.4830798
-0.4539987
-0.2694862
-0.3776697
0.4982368
-0.212501
0.02434689
0.2607049
0.2857594
0.3843271
0.03832155
-0.1207352
0.1011704
0.09496039
0.495597
-0.3052144
-0.2312377
0.05015475
-0.4856052
-0.2559389
0.02882797
-0.2219107
-0.2938793
0.3711661
-0.4651654
-0.08271891
-0.2085306
0.3543742
-0.4595366
0.2896054
-0.1055638
0.1182945
0.1263807
0.1376935
0.1385312
0.3932358
-0.4363083
-0.4838595
0.44274
-0.4390714
-0.4474059
0.05908638
-0.4721457
0.2125801
-0.4382789
-0.3975362
-0.4504514
-0.4999185
-0.2496386
0.114461
-0.1512511
-0.2478254
0.1526574
0.2428825
0.1479797
-0.4239144
0.2033146
0.3934138
-0.0775128
0.2200126
0.3976197
-0.2693396
0.4882126
0.05240172
-0.4957991
-0.3756903
0.1792619
-0.2898746
0.1982806
0.06510514
0.1954027
0.4841187
-0.1772812
-0.3710104
0.1906158
-0.1440274
0.283432
0.2701709
0.06904036
-0.05483669
0.2970196
-0.316828
0.07641381
0.1655775
-0.2811221
-0.1287964
-0.02099687
-0.2924809
-0.2878393
-0.02145153
-0.3117946
0.2149061
-0.3138787
-0.3464437
0.1247515
0.01947182
0.3802905
0.4983532
-0.116258
-0.3225366
-0.02465957
0.4488449
-0.3084731
-0.02043909
0.1764932
-0.2659633
-0.2980565
-0.3662874
0.359002
-0.09855813
-0.1981245
0.4665512
0.187767
-0.06007725
-0.1830593
-0.410337
-0.03064185
-0.3196362
0.4157647
-0.3700522
-0.2736433
-0.2102297
-0.196838
0.4836879
-0.02485746
0.3068722
-0.2472257
-0.4662436
-0.0001965165
0.4006861
-0.04116946
-0.2227499
-0.3977658
-0.2806756
-0.1251372
0.4310915
0.4415271
0.3047826
0.00077492
0.07546574
0.3702809
-0.05490869
0.4357603
0.4923555
0.08451289
0.1317587
0.07584113
-0.4771116
-0.4616169
0.1030818
0.1026652
-0.2715797
-0.4969416
-0.1612408
0.1216891
-0.2557487
-0.169753
0.05810934
-0.2522681
-0.04392511
-0.1878905
-0.07549959
-0.2638859
-0.1043195
0.3149565
0.1263501
0.3644693
0.264274
-0.1756135
0.05401284
0.1478416
-0.4328351
0.1086436
-0.1977811
-0.3107553
-0.156094
-0.06867999
0.0555138
0.02349013
0.07788843
-0.3381279
0.2906857
-0.1235937
0.4548677
0.05136687
-0.4914535
0.4481717
0.2625251
-0.3056885
0.06603748
-0.06869394
-0.477806
-0.4339864
-0.2453426
0.1365503
-0.1288841
0.05442744
0.2727386
0.01035541
0.4626176
-0.2033109
0.0974744
0.315498
-0.3171039
-0.3380547
0.359906
-0.1334246
-0.3946955
0.04712516
-0.2906321
0.3501539
0.1493504
0.2734908
0.4198724
0.06438535
-0.09888965
-0.1424604
-0.4497653
-0.008868873
-0.09623808
-0.4529542
-0.4519445
0.4898424
0.4576943
-0.0003998876
-0.3397536
-0.4775184
0.01106435
-0.05386561
-0.1747007
0.4938488
-0.09588963
-0.3152363
0.4489051
-0.4023913
0.4115589
-0.003878057
-0.1254137
-0.4540725
-0.4257923
-0.3655728
0.08562177
-0.166117
0.1189131
-0.4148026
-0.1926865
0.01805192
0.2354663
-0.242503
0.2097341
-0.4098867
0.1325496
0.4592395
0.4967456
0.1010769
-0.2974857
0.3267521
0.04500562
-0.333728
0.1994797
0.3412497
0.2636919
0.4175372
0.04771501
-0.2369291
-0.1238591
0.2025378
0.2877465
0.01434439
0.04229563
-0.04929787
0.431078
0.04130763
-0.07319659
0.1828705
0.3218322
-0.3326911
-0.03872353
0.3713837
-0.2616931
0.1963216
0.2154585
0.4675568
0.452677
-0.3863535
-0.1969091
0.1097149
0.2665718
0.383312
0.1942732
-0.3760303
0.331939
-0.02370185
-0.1049401
-0.3917589
-0.34399
-0.3188201
0.3085997
0.1230898
-0.4024252
-0.172564
-0.06990916
-0.04401404
-0.2977754
-0.1944143
-0.164259
-0.3935996
-0.1321444
0.2557037
-0.0526275
-0.09359342
0.4738734
0.480852
-0.2587122
0.2139509
0.1017436
-0.008752406
-0.4712644
-0.3831887
0.07807261
-0.1350464
0.09841532
0.4615954
0.4460927
-0.1071393
0.434795
0.429962
-0.02968425
-0.1007646
0.3210049
-0.2789685
0.1885694
0.1754019
-0.2359508
-0.1260758
0.335425
-0.03228706
0.4158437
-0.4509794
-0.4951321
0.09953099
-0.3213178
0.4794078
0.4821043
0.005954325
-0.2923037
-0.0498789
-0.2163683
0.01280874
-0.1344129
-0.3827715
-0.3962551
-0.3315991
-0.4706563
-0.3115531
0.4021034
0.1193973
0.1120576
0.2541687
-0.2799515
0.2982961
0.306355
-0.4112929
-0.2357873
0.4365356
-0.3004912
0.1524933
0.2356342
0.4888234
-0.1183019
-0.3122892
-0.279853
-0.1420639
0.360497
0.4044199
-0.4830041
0.2856573
0.1787852
-0.2278985
0.3506103
0.1899199
-0.191073
-0.307838
-0.3415467
-0.1961905
-0.4820156
0.09563965
-0.4283192
-0.2214954
-0.132083
-0.4118162
0.2119989
-0.07565731
0.1987064
0.03292698
0.3741972
-0.1489993
0.4456892
0.1238273
0.3820306
-0.1993337
0.3852096
0.1059753
-0.08086759
0.3384399
-0.4817801
0.4867629
-0.07882959
0.3803748
0.2470277
-0.4946835
-0.1213598
-0.4271098
-0.3145765
0.4558173
-0.1798649
0.2048596
-0.4298005
0.2091001
-0.439654
0.3845428
0.4787211
-0.1907374
-0.04102665
-0.490775
0.03089851
-0.424193
-0.09176332
0.365674
-0.03475064
-0.06782752
-0.03535122
0.3367136
0.3166257
0.03939801
0.3944784
0.2245467
0.1052468
0.266472
-0.2126139
-0.1729786
0.1364773
0.216858
0.3897816
-0.3204603
-0.2289081
-0.1308724
-0.1453409
-0.2844704
0.2353008
0.2023035
0.06918782
-0.05364841
-0.2603513
-0.3784835
0.2570299
0.2625599
-0.4515344
-0.3625203
-0.1215145
0.2279239
-0.4229579
0.3007219
-0.483938
0.03784686
-0.4702839
0.463259
-0.4751371
0.05610281
0.4604692
-0.3115146
0.2212045
-0.03233343
-0.1682376
-0.1128873
0.4920174
0.1954956
0.1756922
0.01930398
0.04908806
0.2012112
0.322189
-0.4754092
0.2918874
0.05497688
-0.0212453
0.1609311
0.05281669
-0.04651171
0.2811639
-0.1527571
-0.1335403
-0.4048023
0.1619166
-0.3332781
0.0150221
0.2206858
-0.05096942
-0.3070127
-0.1594513
-0.2815635
-0.1422183
0.3205143
-0.1029415
0.1933688
-0.4398648
-0.3591635
0.3200219
0.2544343
0.4238262
-0.09438151
-0.4920301
-0.351544
0.1432847
-0.01788539
0.357676
0.3327879
0.1531164
0.3308706
-0.3309309
0.0256626
-0.04031104
-0.2961216
-0.4540274
0.3005601
-0.1323535
-0.05993837
-0.09503597
0.4183376
0.0315544
0.4373996
-0.001229584
-0.1606516
0.09120351
-0.05083066
0.1219401
0.07884961
0.1945919
0.2021286
0.02432221
0.0009741187
-0.4535601
-0.04089457
0.2228526
0.1045855
-0.2899553
-0.4594775
-0.2445402
-0.2585137
-0.2969924
-0.1405655
-0.09530884
0.1742694
-0.1408163
0.4715123
-0.2763762
-0.3564488
-0.4445539
-0.1876799
0.4701389
0.4260691
-0.3773514
0.1248309
-0.3997645
0.1296756
0.1928389
0.26098
-0.2019041
0.1488751
0.01185185
0.06569844
-0.143545
0.08305115
0.05225724
-0.01423782
0.08396119
-0.1398352
0.0009468198
-0.3962326
0.2007023
0.2446328
0.2059238
0.2097075
-0.4347991
-0.4275542
0.03299803
-0.2343723
0.4071451
-0.2557346
0.4790103
-0.4744745
0.3435962
-0.08463615
0.1611911
0.03960258
0.4645094
-0.3899541
0.1379094
-0.2390655
-0.03860456
0.3578273
-0.4173796
-0.1755548
0.006227434
-0.1495069
0.2785658
-0.4494318
-0.1137703
0.2993405
0.4772969
0.145126
0.1480179
0.1956525
0.3565092
-0.1209237
-0.1693222
0.06117684
0.4661301
0.2163708
0.2490522
-0.3752751
-0.08397597
0.1476332
-0.06797296
-0.492542
0.4781671
0.1958154
0.002051771
-0.2961385
-0.2622479
0.2767344
-0.2797151
0.08182746
0.1459126
0.3593118
-0.4716328
0.2213237
-0.388239
-0.2440336
-0.3658864
0.3838061
0.3355368
0.3286837
-0.2232479
0.04127902
-0.3738439
0.4582973
0.3234429
-0.2521944
0.1573024
0.1868988
0.3928009
-0.332786
0.01790446
0.09280759
0.3328738
-0.1454054
0.4664282
-0.4302963
0.3443055
0.2392399
0.06669384
0.4412456
-0.1833102
-0.1100456
0.09786826
0.003914535
-0.1741245
-0.08979899
-0.1958043
0.09848934
-0.01593906
0.4796748
-0.235531
0.07565242
0.04997402
0.3759677
-0.4585733
-0.4803301
-0.1214193
-0.1027195
0.48185
0.4831426
-0.3860992
-0.2576514
-0.23704
0.3502271
-0.00759238
-0.4178739
-0.1043932
0.0372923
-0.3050308
0.4730945
-0.02432078
-0.09211665
0.1439077
0.1380807
-0.3743401
0.06695718
0.3509914
0.2654494
-0.3917618
-0.4962672
0.2058549
0.3120131
-0.4847419
0.1779212
0.1216814
0.006105006
-0.03527135
-0.4674909
0.0813579
0.02967137
-0.1863121
0.412461
-0.4153097
-0.3396715
0.2054704
0.1727697
0.08178049
-0.3635161
0.31933
0.1826624
0.3490459
0.08154923
-0.2355651
0.4859363
0.3464897
0.4245582
0.3625751
-0.4615085
-0.1704548
0.366991
0.4644088
0.3844512
-0.1165095
-0.1978273
0.4083449
-0.04543477
-0.0695352
0.4392086
-0.2535434
-0.4072125
0.03369731
0.100207
0.06355911
0.3781887
0.08891255
0.3657738
-0.2101116
0.3962297
0.3827367
-0.4244357
-0.1969516
0.2656519
-0.2074456
0.05908161
-0.3637444
0.461689
-0.2331322
0.3278363
-0.3081541
-0.2706887
0.3027686
-0.4204748
-0.01899117
-0.06213146
0.2370716
0.2937927
0.3338289
0.3237375
-0.3371005
0.05543476
0.2322434
0.1834546
0.2679731
0.4353085
-0.306977
0.02555722
0.1723851
0.1164747
0.03295952
-0.3657204
0.04520231
-0.2460781
-0.1793351
-0.2444909
-0.3402005
0.09652346
-0.4621229
0.3148106
-0.1843739
0.4425849
-0.4379245
-0.4010566
0.2402032
-0.3267615
0.1052845
-0.05543238
0.2550206
-0.2304122
-0.4392579
-0.2459171
0.4092395
0.3130617
0.2639463
0.08655769
-0.2246932
-0.305012
-0.3915168
-0.2062922
0.499614
0.002730668
0.1061011
-0.01664144
-0.4019696
-0.2258083
-0.3191289
-0.3349253
0.3734047
0.03977746
0.1666133
-0.2330424
-0.06170613
0.4071658
-0.0293228
-0.3537418
0.1468453
-0.1541279
0.1527294
-0.2939939
-0.2336926
-0.3116766
0.1261809
-0.3259151
0.243243
-0.2209224
0.08162838
-0.3774681
0.05458754
0.4229621
-0.019862
0.2711838
-0.2481079
0.441553
-0.3498533
0.3156614
0.2931676
-0.3615663
0.08407182
0.2834888
0.4812582
0.363018
-0.233421
-0.3580176
-0.05169839
-0.1785256
0.04998749
-0.2509102
0.02839595
0.4226
0.4876758
0.4173346
-0.181329
0.3486131
0.228499
-0.4778314
0.3148718
0.02826983
0.4622494
0.1929854
-0.4306908
-0.381155
0.111353
0.314795
-0.1487839
-0.1447579
-0.004369676
-0.4411278
-0.3174299
0.1862196
-0.3983432
0.3614799
-0.0599516
0.005422294
0.4926566
-0.1618907
-0.3696802
