-0.3474811
0.1583936
-0.4634191
-0.09531277
-0.0303064
0.1817218
-0.4696107
-0.43969
0.1459055
0.2062646
-0.3907868
0.3976909
0.05677456
-0.1737525
-0.4612645
0.488745
-0.4051888
0.1801044
-0.4646796
-0.3002396
-0.2920284
-0.4883498
0.3623041
0.08842105
-0.3423709
-0.07667917
0.1499106
0.4782298
-0.1959155
-0.3742484
0.2988378
-0.3145881
-0.3636847
0.07584149
-0.08196229
0.1275097
-0.3876063
0.4753748
-0.1181473
-0.2924134
0.005787671
-0.1219191
0.08045501
-0.06371707
0.487414
0.1223007
0.2385464
-0.4193319
0.2725416
-0.09499878
-0.04559392
-0.0208239
-0.3557813
0.3283583
-0.1163371
-0.21888
-0.0295437
0.4440588
0.3933483
0.4700866
0.1466682
-0.4683967
-0.3154652
-0.2632529
-0.3957858
-0.4083141
-0.4931065
0.4734129
-0.2472324
0.05388004
0.4223747
-0.2546859
-0.04860562
-0.0464986
-0.2570207
0.456555
0.1791575
0.1762006
-0.189446
-0.2658143
-0.0770207
0.2417992
-0.493203
-0.05053002
-0.3573351
0.498149
-0.1663876
0.1410092
-0.08893186
0.4248309
0.3637799
-0.1166851
0.1662965
-0.1679214
-0.2320316
0.2637841
-0.362861
-0.1656279
0.1333556
0.4986737
-0.02688771
-0.4361981
0.1070821
-0.184312
0.4627061
0.2546769
0.4661096
0.3794991
-0.2030154
0.4192426
-0.3328105
-0.3168262
-0.3558669
0.3832128
0.2068117
-0.1843063
0.1151679
0.4125696
-0.2711945
0.2653974
-0.4539893
-0.01908654
0.2587466
-0.01871461
-0.06177717
-0.2864453
-0.3936088
0.4411513
0.1452175
-0.05908018
-0.1384454
-0.1226241
0.3928816
0.2616787
-0.4651222
-0.4865246
0.1626863
-0.2902199
-0.1592253
-0.3634193
0.3031563
-0.1070337
0.4653109
-0.4382716
-0.1236001
0.273435
-0.01535219
-0.4656342
0.1557032
0.1630398
-0.3965329
0.02104861
-0.1262515
0.2913949
-0.2980336
0.1560942
0.3423685
0.4094994
0.01685661
0.3588938
0.1957923
0.1250019
-0.09817392
0.3213142
-0.3213273
0.4680402
0.4183764
-0.03261369
0.2310669
-0.1037359
0.08535856
0.2464651
-0.2733378
0.01595122
0.3666322
0.008737743
0.001752079
-0.4792542
-0.01429135
0.2461172
-0.4224186
-0.1749747
-0.3840715
0.09556931
0.01303071
0.1346433
0.4900725
0.4252844
0.2636206
-0.4968848
-0.1492004
0.4898399
-0.4134144
-0.02745324
0.09426862
-0.4544009
0.0278309
0.03851944
-0.1224168
0.2087626
0.3605593
-0.1225263
0.1579903
-0.09933084
-0.001240551
0.09192163
0.0767507
0.3662626
-0.4501824
0.3469594
-0.01673335
-0.08354002
0.3931087
0.03734249
-0.08557016
0.08133334
0.4361664
0.3549798
0.03903371
0.4883864
-0.03187543
-0.376774
-0.2072267
-0.03042966
-0.2764889
0.4812801
-0.3141828
0.06357318
0.02976078
0.1669612
0.3294243
-0.260971
-0.172819
-0.3964789
-0.2440948
0.3206924
0.3540517
0.3080031
-0.1049768
-0.2770938
0.2398115
-0.1844806
-0.05761188
-0.3483299
-0.3071749
-0.2387132
-0.0465613
0.3457522
-0.3128718
0.2531984
-0.1744133
0.1279168
-0.3968425
-0.2890168
-0.4106622
-0.1364061
-0.06499141
-0.36822
-0.4087414
-0.0529328
0.1145551
-0.3651259
0.3004991
0.02975148
-0.3037884
-0.4010755
0.4025402
-0.3571543
-0.0468412
-0.3355383
0.3492186
0.2075232
-0.3520508
-0.4786333
0.3626415
0.4866768
-0.2521129
0.2558692
-0.08338052
-0.0556851
-0.2061823
0.4076114
-0.2219409
0.202827
-0.2144368
-0.39861
0.3545314
-0.3150626
-0.1963384
0.4737848
0.3316932
-0.1865498
-0.02653545
0.3838848
0.3537289
0.08615059
-0.07802731
-0.06363827
-0.07686514
0.1606346
-0.2520741
0.4850899
0.1643569
-0.2436853
-0.01319629
-0.3360846
0.3499146
-0.1792039
0.349599
-0.2779266
-0.2193473
0.1598427
0.1181073
-0.4593184
-0.3368149
-0.2446344
-0.4797717
0.1517386
0.4852493
0.3475356
-0.301568
-0.3014904
0.4402436
0.1401408
-0.08264321
-0.3371429
-0.1404712
-0.2876166
0.4736477
0.1457382
0.3863734
0.4426024
0.2466419
0.3103718
0.2412953
0.1648333
-0.1373214
-0.1920764
0.4088765
0.2950757
0.1868189
-0.1667534
0.3019724
-0.2391176
0.24188
0.1191688
0.4697012
-0.2442037
-0.3608012
-0.3659252
-0.1603091
0.3117367
-0.09368676
0.3168888
0.4913973
-0.2247915
0.231195
0.3981609
0.2234491
-0.1558928
0.2792038
0.0657149
-0.2016309
-0.1409214
-0.4820112
-0.2856423
-0.1382892
-0.4889489
-0.3874521
-0.2374986
0.2716085
0.4032449
-0.2809525
0.2914144
-0.2363225
0.3943396
0.1103601
0.3984209
0.01508266
-0.03088528
-0.01329464
-0.1406165
-0.4016322
0.1327047
0.3710989
-0.03892142
0.4038699
0.2682261
-0.0703246
0.1215792
0.3894517
0.07846862
0.370744
-0.273067
0.1064411
-0.2649237
0.1478056
0.4424343
0.413489
-0.01862234
-0.08429223
0.03181058
-0.4977579
-0.235625
-0.4043373
0.253993
0.3310468
0.1002973
0.1443252
-0.2760774
-0.2181776
0.440998
0.1670829
0.4607177
0.2095653
0.2752773
-0.1691921
-0.2983074
0.05554193
0.003851473
-0.3477501
0.1815274
0.3817455
0.02878898
0.3379629
0.4142164
0.05137712
0.1043631
-0.2687955
-0.1243487
-0.144794
-0.3314162
0.09935838
0.1095641
0.3469888
-0.4965476
0.3050833
-0.4961119
-0.482879
-0.4038227
-0.2078267
0.1619468
0.4508051
0.2095594
0.2754509
0.1650424
0.0874576
-0.06993908
-0.3363022
-0.419026
-0.4000212
0.0655362
-0.009399116
-0.2292942
0.04193884
-0.1677254
-0.0072034
0.4598236
-0.1467484
-0.2894024
0.4956961
0.2613969
-0.3232443
0.1733736
-0.1600768
-0.03741187
0.1853132
0.4145281
0.1168805
-0.2583144
-0.1140655
0.3590635
-0.465793
-0.08504444
-0.2262323
0.01870316
-0.1898385
0.05401546
-0.1872074
0.4913795
-0.0541504
0.4901155
-0.05890876
0.1087081
-0.2928988
-0.3288468
-0.4576802
-0.3144917
0.06613451
-0.2304173
0.1122411
-0.4340546
0.415596
-0.01999849
-0.2357054
-0.4486005
-0.1474571
0.4993595
0.1214487
0.08749503
0.165143
-0.0237537
0.1359694
0.4434546
-0.3899791
-0.1880738
0.3040771
-0.291047
-0.1261842
-0.4649183
0.4637514
-0.1341491
0.07763225
-0.307894
-0.4613149
-0.2996948
-0.4669653
-0.09841484
0.1799971
0.1827451
0.03008705
-0.1829633
-0.3660674
0.2401607
-0.392446
0.2815589
0.0478999
-0.1943519
-0.2517308
-0.3234757
0.299225
0.2055586
0.1130491
0.2262978
-0.1823766
0.4190466
-0.3518806
0.1006486
-0.03283995
-0.2028126
-0.03973216
-0.4012688
0.2128547
-0.4753542
-0.4744116
-0.2132532
-0.09237462
0.1985092
0.1431225
0.2505305
-0.09817523
-0.3050213
-0.3610512
-0.4125693
-0.1640882
-0.338276
0.2476741
0.308288
0.3404969
0.05296427
0.3624932
-0.02277261
0.242122
0.1135685
0.1822717
-0.4837031
0.0629583
0.2402366
-0.06569487
0.3948323
-0.2572424
-0.05459303
-0.2704668
0.1846058
-0.2904367
-0.09216982
-0.1989976
0.2315155
0.1971353
-0.479573
0.4722917
-0.1368204
-0.2962217
0.3608699
-0.05554384
0.4110794
0.136497
-0.3595728
-0.2209449
0.1859429
-0.4228059
-0.09381324
-0.1200276
-0.1091877
-0.05385727
0.2174412
-0.05686504
0.1888915
-0.414477
0.2750994
0.2132028
0.1018834
0.1456562
0.1284013
-0.3830302
0.1518204
-0.3102021
0.06656414
0.2175432
-0.3960601
0.2044705
0.1538987
0.2677559
0.3657317
-0.3405443
-0.08984286
-0.04680425
-0.2625253
-0.2538228
-0.3315536
-0.08413392
0.2845192
0.242946
0.3191823
0.1856335
0.1323805
-0.3106928
-0.3130074
0.09994525
-0.4152831
0.03873497
0.3232638
0.4939343
-0.2559236
-0.2061424
-0.1240073
0.1191868
0.220329
0.3977581
0.3809465
-0.06368333
-0.4198325
0.234205
0.4066632
0.4485008
-0.4393582
-0.001733243
-0.3670359
-0.4604801
-0.2290109
0.3346107
0.1456742
-0.2489198
0.4485518
-0.005526841
-0.4761626
0.3214859
0.2486943
-0.3721508
0.4679421
-0.2417189
0.4890779
0.4245256
-0.3878822
-0.1458145
-0.1355532
0.4370823
0.007688463
0.1580542
0.3674027
0.4834371
0.2180891
0.2396811
0.4813492
-0.2613035
-0.41907
-0.4670202
0.09759969
0.2639949
0.1253967
-0.05831558
-0.01601237
-0.4789246
0.1672046
-0.1841769
-0.3651434
0.3258989
-0.03857464
-0.2378382
-0.2067081
0.2464743
-0.3307447
0.1239499
-0.3507284
0.4456735
-0.09206849
0.02254802
-0.331493
-0.1699306
0.2403892
-0.3655503
-0.06537706
-0.03187925
0.07231599
-0.332976
0.04027921
0.4271245
0.3797586
-0.1350815
0.4886377
-0.4009264
-0.09003896
-0.3557539
-0.009910166
-0.03545195
0.3180081
0.3843852
0.01873225
0.07012552
-0.08258516
-0.2773796
0.4524703
-0.2384914
0.4846462
-0.2808896
-0.2770116
0.02324802
-0.09944159
-0.2353341
-0.3496178
-0.2335301
0.01735479
0.210587
0.2999156
0.4998559
0.306039
0.4776989
0.1573027
-0.4276984
-0.1427349
0.3456354
-0.2174013
-0.05784446
0.1972422
0.1893794
0.13895
-0.3102441
-0.2967505
-0.4400826
-0.08984154
-0.1181385
0.3274546
-0.3591969
-0.1075094
0.2526177
-0.3267546
-0.2715285
0.2880095
0.4999818
-0.1884162
-0.4350556
-0.1529316
-0.3775455
0.3259958
-0.3424052
-0.2275042
-0.3786216
-0.380245
0.2079069
-0.2975359
-0.3000735
0.09731907
-0.438674
0.08693475
-0.1672595
0.1567575
-0.2201981
-0.1151168
-0.1044415
-0.3516798
0.05008143
0.1433477
0.1954473
0.3541988
0.4037162
0.2681074
0.4763588
-0.2227842
0.1375077
0.2035593
-0.2628425
0.3494145
-0.3915217
0.3055779
-0.1139134
-0.3085083
0.4694889
-0.3015828
-0.03715676
-0.04441005
0.1388608
0.4015719
0.425873
-0.4702924
-0.2463087
-0.1957067
0.3287674
0.02831346
-0.03762752
0.3620105
-0.4814367
-0.2781193
-0.1981735
0.03074342
-0.08374578
-0.06056017
-0.4517896
-0.192883
0.4266131
-0.1993437
-0.374966
-0.06292778
-0.09553617
0.3857896
-0.3825283
-0.3589644
-0.1991772
0.2026687
-0.4088938
-0.1802996
0.1732176
-0.1541708
0.03021866
0.2054875
-0.3045273
-0.1970394
0.4071695
-0.4442362
-0.2029925
0.2931408
0.06269163
-0.1987982
0.08320993
-0.1805107
-0.02555686
-0.2670346
-0.4694202
0.216091
-0.1948665
0.01740938
0.4278421
-0.3273115
0.07558709
-0.4075382
0.3934423
0.2016368
0.3709562
-0.3486471
-0.4561614
-0.3152797
-0.02313215
0.4130944
-0.4723098
-0.4510647
-0.330844
0.4069163
-0.3198075
-0.1542566
0.116977
0.1096904
-0.2031623
-0.4953237
0.1264049
0.0586589
-0.05845302
0.4156163
-0.4767411
-0.08096868
-0.2789812
-0.2283917
0.03713042
-0.4271655
0.1528417
0.3572501
-0.3307948
-0.1068621
-0.2963727
-0.3595822
-0.3966371
0.2847658
-0.376933
0.1115037
-0.1964489
0.3351221
0.4912163
-0.333948
-0.3093637
0.4209323
-0.3002532
0.006140053
-0.002057254
0.1442762
-0.2419426
0.05741864
0.1953769
-0.3926177
-0.1531777
-0.016774
0.240266
-0.3580801
0.2596593
0.2838674
0.3328555
-0.2455292
0.09524292
-0.1349664
-0.2923609
0.4121469
0.362877
0.3045675
-0.1746259
-0.1145245
-0.1845739
0.3026028
-0.302057
0.06256336
0.3481994
-0.2854999
0.4379537
-0.03315204
-0.3328784
-0.3378589
0.4197336
-0.1742019
0.1133776
-0.1009353
-0.3969649
-0.08488411
-0.4442999
0.4438831
0.3432839
-0.2986349
-0.1165087
0.3866357
-0.1585028
0.4250612
0.2508267
0.2488526
-0.4763963
0.3157791
-0.156978
-0.4526011
-0.1311212
-0.3050423
-0.3645781
-0.09702986
0.01896137
-0.201272
0.3342867
-0.0673371
-0.006403863
-0.2419571
0.1195919
-0.2539366
0.2448392
0.2555071
0.02025038
0.1491902
0.01707762
-0.2034199
0.4147304
-0.06747597
-0.1440127
-0.4628888
0.0706138
0.06644243
0.01066071
-0.3556066
-0.03426462
-0.4243087
-0.02791804
-0.209235
0.0533095
-0.2586348
-0.1820229
0.08025903
0.1062691
-0.01372188
-0.2975733
-0.4512928
-0.4267304
-0.3871286
-0.01065022
-0.02206928
-0.0001407266
0.2039666
0.2817774
0.2410409
0.01384562
0.349842
0.01228839
-0.06081265
-0.2221043
0.05810505
-0.3836275
-0.186552
-0.3313668
-0.1193694
0.1931448
0.1867491
0.1358312
-0.1551953
-0.07714719
0.4572269
-0.3326597
0.3092452
0.1154358
0.2333805
-0.2522213
-0.4710771
0.4790516
-0.2659215
0.2678696
-0.3390614
0.490532
-0.4276258
0.2169357
-0.2459866
0.4678336
0.2639567
0.4454832
0.204151
-0.4844767
0.2164156
0.2409849
0.2370287
-0.2688876
0.2382271
-0.03456658
0.4967099
0.2388252
0.4845908
-0.4942636
-0.3987871
-0.3575938
-0.3641027
-0.2397495
0.1745691
0.3889979
0.3807068
0.4428962
0.2328393
-0.3492178
0.3533723
0.2225559
-0.04707891
-0.4423161
0.1373608
0.1008136
0.2729125
-0.3273275
0.2163853
0.180186
-0.3342394
0.01091868
0.03215963
0.04261166
0.4906323
-0.09681743
0.205202
-0.2404811
0.2907493
-0.3189343
0.4607285
-0.09300572
0.07650477
-0.2551506
0.4784625
0.4707216
0.1895619
0.1943972
-0.09522885
0.1425764
-0.3304464
0.4812663
-0.1263089
-0.4237108
-0.06594723
0.1150771
-0.3507921
0.2931941
-0.3984033
-0.1332403
0.4443083
0.4929907
0.007606447
0.4993023
0.2194017
-0.08477908
-0.01775616
0.3467448
0.01057678
-0.3921601
0.3931262
0.4164515
-0.1819305
-0.1050467
0.2033741
-0.4181437
0.3030344
0.2597531
0.3820864
0.4250398
-0.3310462
-0.1900182
-0.02054542
-0.06331724
-0.09040946
0.1504357
0.1207502
-0.3533558
-0.4510056
-0.4448524
-0.4770039
0.4446658
0.4657928
0.4477248
0.08566898
0.06920928
0.1414395
-0.241617
-0.4990618
0.4492612
0.23473
-0.24492
0.04075879
-0.4622555
-0.1852201
-0.1575652
0.4862022
0.1001572
0.3344759
-0.1160322
0.04131967
0.1667161
-0.4403319
-0.1808522
0.2945567
-0.3511317
-0.07740444
-0.2498806
-0.05274123
-0.1942016
0.0298155
0.1416135
-0.1330157
-0.2773544
-0.1944812
-0.1802419
0.119528
-0.375538
0.4092913
-0.3212683
-0.2023069
0.2965933
0.3385224
-0.1304942
-0.3293532
-0.1421806
-0.2940108
0.2833056
0.2478961
-0.2412823
-0.1604685
0.1686696
-0.2710917
0.1277531
0.4454836
0.006710351
0.3251133
0.1522534
0.2183146
-0.4007914
0.2449401
0.189463
-0.1588101
0.3004135
0.3802054
-0.07279652
0.2125487
-0.01833838
-0.1822656
0.4344296
0.2272184
-0.2181949
-0.07812625
-0.3098636
0.346058
0.3704234
0.4489576
0.2705454
0.01387149
0.02626508
0.1323719
-0.4650487
0.05905563
0.4867648
0.3836385
0.4335425
-0.181249
-0.3402816
-0.2125786
0.02452821
0.3989091
0.009954989
-0.4751663
-0.06925756
-0.1661963
0.423617
-0.3483391
0.3980044
-0.09738618
0.4858749
0.3869292
-0.3563993
0.069269
-0.3891664
0.1705791
0.1734551
-0.3148603
-0.4488585
0.2220789
-0.08079559
0.482993
-0.4418246
0.293824
-0.1701847
0.3957469
-0.2459472
-0.2255269
0.3792707
-0.4193074
0.3453604
-0.03296942
-0.1178299
0.2426965
-0.4820632
0.1864521
-0.2630304
0.1366945
0.2923274
0.06453091
-0.409291
-0.03953081
0.198511
-0.1712498
-0.4436464
0.3617707
0.3348671
0.09544927
0.4839476
0.4391586
0.1647817
-0.2796035
0.209156
-0.3326362
-0.124281
-0.01032072
0.4257181
0.03129739
0.3273586
0.1285194
0.1948919
0.1629791
-0.4969685
0.2957937
0.1742085
-0.01355356
0.156657
-0.1925749
-0.4485058
-0.1533192
-0.03175408
-0.3677495
0.4347899
0.2236931
-0.3841332
0.4523054
0.23111
-0.03357142
-0.2139097
0.3952382
0.065772
-0.1906294
0.3868326
-0.4210333
-0.09510332
0.0276255
-0.459637
-0.3293862
-0.2885088
-0.1304765
0.2450512
-0.255434
-0.2190004
0.02064985
0.4404664
0.2794427
0.04989737
-0.04997092
-0.3978282
-0.03333241
-0.4738311
0.3734543
-0.2656385
0.2401881
-0.3265392
0.384281
-0.4703981
-0.4873232
0.2819041
-0.2255464
0.2289952
-0.1828889
-0.1818369
0.01137751
0.2519217
0.1327195
0.2087439
0.2324142
-0.2363793
0.2138737
-0.1199269
-0.0484708
0.06767386
-0.158922
-0.02773362
-0.1530133
0.4145229
0.2645452
-0.3684592
0.0954147
0.4298993
-0.2599087
-0.4028656
-0.4704673
0.211204
-0.1992897
0.01822752
0.3272178
-0.02636284
0.3668182
-0.2392419
-0.07996446
-0.4457593
0.3971546
-0.4280375
-0.08543903
-0.04655725
0.005794704
0.2434599
-0.03413576
0.4572482
-0.3826572
-0.2684001
0.2082316
0.1105934
0.07209688
0.07523853
0.1509924
-0.1645563
-0.2454661
0.02486533
-0.4919899
-0.2794882
-0.3543584
-0.3602343
-0.4334201
0.1416719
-0.3266194
0.0006647706
0.2206492
0.462412
0.1656837
0.2622166
0.1161529
0.3286791
-0.43565
-0.4122698
-0.1483393
-0.07956976
-0.08624047
0.499547
0.4369912
0.2405113
-0.1939036
0.2620592
-0.2461557
-0.1701717
0.1414002
0.008357942
0.3004711
0.1591179
-0.4613577
-0.1112449
0.1312966
0.4212936
-0.1031215
-0.3130184
-0.331102
-0.3676291
-0.05336052
-0.4824334
-0.4738334
0.03510135
0.1210542
0.1590522
-0.3309914
0.09278721
-0.1633044
0.06098324
-0.2311351
-0.3487127
0.2038709
0.09031469
0.1390992
-0.1216313
0.2420039
-0.1118481
0.408273
0.06154591
-0.2045429
-0.08523721
0.1127911
0.4700836
0.05869418
-0.440504
-0.1034725
0.4162905
-0.4860495
-0.4903505
0.4812667
0.2453668
-0.4576281
-0.2832308
0.3257365
-0.2405857
0.1496538
-0.1550273
-0.291811
0.1911999
0.389694
-0.01760143
0.1142914
0.1225436
-0.1457261
-0.09898072
0.3898784
0.2375294
-0.2027778
-0.4366028
0.3592968
0.01225644
-0.2113692
-0.326822
0.04804581
0.4267404
-0.3589193
0.194466
0.400768
0.2006739
0.3882346
-0.3111815
-0.3078431
0.2341171
0.1092094
-0.002259791
0.03303844
0.06920797
0.1299678
0.2501788
-0.1610889
0.349906
-0.05169588
0.01113528
0.1852512
-0.1524825
0.2582583
0.1705997
-0.2312687
0.02939671
0.1179494
-0.4523504
-0.4358252
0.06330794
-0.1977805
0.3162395
-0.1915591
0.1581104
0.3813105
0.01775128
-0.09192318
0.402845
0.2334601
-0.4985427
0.3564398
0.1493749
-0.4093843
-0.02898449
-0.403403
-0.09489089
-0.04373819
0.314352
-0.3526018
-0.4057074
0.4738019
-0.2430026
0.06075746
0.1256467
0.3489583
-0.04998249
-0.08518261
-0.2817678
0.4738073
-0.02547151
0.4705274
-0.3794057
-0.1667406
-0.2495517
0.2968575
0.4170412
-0.200269
0.01656634
-0.1713423
0.03008622
-0.05944222
-0.1363959
-0.2848316
0.2203441
0.279381
-0.1714625
0.3381414
0.3652834
-0.03924614
-0.2455747
0.1543912
-0.02577394
0.03875667
0.361802
0.2847989
0.4095309
0.3064013
0.2053115
-0.2208752
-0.4735759
0.1193425
-0.4510964
-0.1728334
0.4093932
0.1614958
0.4704374
0.1225007
-0.1368298
0.2065203
-0.2904396
-0.2373123
0.04162067
-0.3589733
0.3385389
-0.2608385
0.2578188
0.3998481
0.3033717
0.1088808
-0.197431
0.1861231
-0.2674254
-0.1297926
-0.3944712
0.289376
-0.2195432
0.4689589
0.2364338
-0.2083724
-0.009936035
0.2872491
-0.4689144
-0.1186681
-0.0287177
0.2370632
-0.1240265
0.3542113
0.1677296
0.3321288
0.1206706
-0.4830483
0.1411486
-0.03174585
-0.04034418
0.003506958
0.477386
-0.4089952
0.2844979
-0.2493992
-0.336244
-0.06574887
-0.4709991
-0.3950694
-0.03075403
-0.1384297
-0.0883562
-0.2041989
0.4097592
-0.364694
-0.1864206
-0.4509841
0.3332824
-0.2161893
-0.4441388
-0.0006989837
0.4149016
-0.4045186
0.3757681
-0.4502752
-0.3007011
0.3286039
0.003569782
-0.3960713
0.3622739
-0.1189432
0.2345196
0.4997746
0.1349926
0.1895863
0.1781036
0.1867125
0.0443607
-0.454022
-0.4307184
0.2995512
-0.1434408
0.2975036
-0.3167585
-0.05545634
0.01334745
0.1070077
-0.09123296
0.4949689
0.1444265
0.2888578
-0.1738041
0.4386172
-0.3251573
-0.02435189
-0.3378572
-0.0667178
0.4797437
0.1601399
-0.4066408
-0.09549195
-0.1609088
0.3559109
-0.1724997
-0.2851715
0.2278343
0.08093101
0.02730662
0.4607803
0.13782
0.1092035
0.03420943
0.05373818
0.4418586
0.02320975
0.1683817
0.4538707
-0.2025859
-0.4559097
0.42331
-0.3134563
0.1762663
-0.190903
-0.1436829
0.352904
0.4313304
-0.04370576
0.4100608
-0.149867
0.4730419
0.3964592
-0.1901618
0.3324335
-0.3704728
-0.4745923
-0.3343812
0.2566494
-0.3186955
0.148466
0.1785592
-0.1939067
-0.09952217
-0.2350401
0.0008366704
-0.1724973
-0.07976431
-0.1295901
-0.01033729
-0.121632
0.4104424
-0.409008
0.06156343
-0.3734243
-0.0009735227
0.3549095
-0.1388778
-0.4524494
0.4029624
0.1954934
-0.4701586
0.366896
-0.4722213
-0.06568831
-0.3749602
0.1617756
0.3383377
0.09738904
0.3480282
-0.322919
-0.005677998
0.3136626
0.4554074
0.3753878
0.1278803
-0.234575
-0.1851966
-0.4767456
-0.156229
0.3719952
0.2299331
-0.2166247
0.2264051
-0.03757006
-0.1879717
0.4886143
-0.122106
-0.3521087
0.4683491
-0.4763395
-0.2012975
-0.1528562
-0.1639069
0.3616824
-0.2417459
0.4423058
-0.1966603
-0.2546065
-0.4184861
-0.2642987
-0.3873773
-0.06531364
0.03334802
-0.2104476
0.4280292
0.3883257
-0.2430595
-0.2879988
-0.1357424
0.2644358
0.4644865
-0.3155857
-0.4633228
-0.3836415
-0.4999945
-0.3651972
-0.3604828
0.01755387
-0.3058752
-0.4937525
0.01853555
-0.34405
-0.2043502
0.2984083
0.2706698
-0.2873898
-0.4043435
0.1100608
-0.1633094
-0.02669603
0.1063564
-0.2917836
0.2162247
0.3082743
0.3586531
0.4785936
0.1612091
0.08741099
0.09231967
-0.09347242
-0.1128697
-0.3577493
-0.3544035
0.03183514
0.2047561
0.1331147
-0.2387312
-0.3218368
-0.05839163
-0.3464699
0.4679506
-0.4278529
-0.02914125
0.1038703
0.09392375
0.3997972
-0.2215824
-0.1630936
-0.3911742
0.396263
0.2556692
0.02020162
-0.03424269
-0.2939023
-0.294693
-0.03066272
0.3730227
0.2508124
0.4332718
-0.295541
0.2393658
0.218466
-0.02873868
0.2657614
0.1221998
0.165535
-0.4294975
0.1401358
-0.2123222
0.09259278
0.2126416
-0.4704483
0.4268761
0.330165
-0.1938472
0.4999031
0.263975
-0.4121152
0.4470924
0.3305651
0.07305831
0.3787708
0.1480445
0.246133
0.1566597
0.3806169
-0.1295498
-0.2741964
-0.3383571
-0.01357847
-0.06952041
-0.3025761
0.4283423
0.2763203
-0.3473549
0.1439134
0.06299943
-0.0866285
-0.4163166
-0.2946818
0.3510952
-0.2095471
-0.04941732
-0.2368307
0.4831978
0.4400882
-0.1585479
-0.4604542
-0.3239932
-0.3950697
0.1779693
0.4849252
-0.05409461
-0.07579416
-0.2033572
-0.2020374
